0.1015		% P_canopy, Gap fraction inside canopy (after removing large gaps)
0.0		% P_large, Gap fraction of large gaps (=0 if large gaps are not removed) LAI = LAI_canopy * (1 - P_large)
60		% Observing zenith angle (degree)
0.5		% G function
-1		% Mode: (1) "Mode" < 0: input path lengths below, (2) "Mode" > 0, input Path length distribution below, "Mode" is the number of bins (3) "Mode"=0, ellipse assumption
5.62855		% The unit pf path lengths makes no difference, 1,2,3,5 is the same as 0.1,0.2,0.3,0.5. The program will do the normalization.
5.62401
5.62026
5.6176
5.61526
5.61333
5.6115
5.60924
5.60768
5.60611
5.60447
5.6028
5.60129
5.59996
5.59866
5.59749
5.59625
5.59509
5.59389
5.59261
5.5911
5.5898
5.58847
5.58703
5.58571
5.58425
5.58242
5.58081
5.57944
5.57798
5.57657
5.57517
5.57393
5.57264
5.57128
5.56995
5.56861
5.56729
5.5661
5.56506
5.56384
5.56274
5.56151
5.56044
5.55934
5.55837
5.55733
5.55635
5.55536
5.55438
5.55331
5.5523
5.5513
5.55031
5.54922
5.54827
5.54739
5.54637
5.54541
5.54447
5.54353
5.54254
5.54158
5.54068
5.53973
5.53866
5.53756
5.5366
5.53555
5.53443
5.53339
5.53242
5.53154
5.53063
5.5297
5.52879
5.52793
5.52701
5.52604
5.52525
5.52436
5.52347
5.52253
5.52173
5.52086
5.52007
5.51926
5.51848
5.51743
5.51654
5.51565
5.51486
5.5141
5.51336
5.51257
5.5118
5.51099
5.51018
5.50948
5.50872
5.508
5.50721
5.50639
5.50563
5.50483
5.50401
5.50318
5.50238
5.50165
5.50077
5.49994
5.49915
5.49832
5.49747
5.49671
5.49585
5.49515
5.49444
5.4937
5.4931
5.49231
5.49162
5.49092
5.49023
5.48951
5.48877
5.48807
5.4874
5.48674
5.48607
5.48536
5.48468
5.48406
5.48336
5.48266
5.48197
5.48123
5.48047
5.47971
5.47904
5.47838
5.47768
5.47705
5.47638
5.47573
5.47514
5.47449
5.4738
5.47306
5.47247
5.47172
5.47091
5.47015
5.46939
5.4686
5.46774
5.46699
5.46621
5.46543
5.46467
5.46396
5.46323
5.46243
5.46161
5.46078
5.46008
5.45937
5.45865
5.45797
5.45726
5.45665
5.45594
5.45535
5.45471
5.45408
5.45354
5.45288
5.45228
5.45169
5.45111
5.45051
5.44986
5.44923
5.44868
5.44805
5.44744
5.44672
5.44607
5.44548
5.4449
5.44429
5.44359
5.44306
5.44247
5.44191
5.44128
5.44066
5.44007
5.43945
5.43884
5.43822
5.43757
5.43701
5.43643
5.4358
5.43526
5.43462
5.434
5.43345
5.43281
5.43225
5.43169
5.43114
5.43057
5.43006
5.42953
5.42891
5.42835
5.42774
5.42716
5.42654
5.42589
5.42531
5.42478
5.42407
5.42343
5.42274
5.42225
5.42157
5.42098
5.42029
5.41978
5.41928
5.41865
5.41801
5.41744
5.41693
5.41631
5.41569
5.41508
5.41452
5.41396
5.41335
5.41268
5.41213
5.41168
5.41106
5.41044
5.40984
5.40938
5.40881
5.4083
5.40763
5.40713
5.40672
5.40611
5.40552
5.40496
5.4045
5.404
5.40336
5.40277
5.40231
5.40185
5.4012
5.40063
5.40008
5.39964
5.39917
5.39854
5.39786
5.39735
5.39696
5.39639
5.39582
5.39524
5.3947
5.39428
5.39383
5.39329
5.39271
5.39223
5.39175
5.39141
5.39086
5.39033
5.38977
5.38928
5.38888
5.38844
5.38786
5.38729
5.38677
5.38628
5.38583
5.38522
5.3847
5.38416
5.38359
5.38308
5.38262
5.38208
5.38162
5.3811
5.38049
5.38001
5.37945
5.37895
5.37837
5.37777
5.37735
5.37682
5.37623
5.37564
5.37507
5.37465
5.3742
5.37368
5.37303
5.37253
5.3721
5.3717
5.37116
5.37051
5.36997
5.36951
5.3691
5.36857
5.36804
5.36742
5.3669
5.36652
5.36609
5.36549
5.36501
5.36442
5.36396
5.36345
5.36294
5.36237
5.36183
5.36133
5.36078
5.36024
5.35974
5.35919
5.3586
5.3581
5.35761
5.35709
5.35652
5.35584
5.35532
5.35487
5.35428
5.35371
5.35309
5.35256
5.35207
5.35147
5.35082
5.35027
5.34975
5.34926
5.3487
5.34812
5.34754
5.34707
5.34664
5.34601
5.3454
5.34485
5.34439
5.34388
5.34327
5.34273
5.3422
5.34168
5.34121
5.34063
5.34006
5.33959
5.33914
5.33866
5.33808
5.33759
5.33711
5.33662
5.33612
5.33568
5.33509
5.33461
5.33417
5.3337
5.33319
5.33265
5.3322
5.33171
5.33116
5.33067
5.33023
5.32973
5.32925
5.32879
5.3283
5.32777
5.32736
5.32686
5.3263
5.32577
5.32534
5.32491
5.32433
5.32383
5.3233
5.32277
5.32231
5.32185
5.32133
5.32078
5.32027
5.3198
5.31933
5.31879
5.31827
5.31776
5.31727
5.31684
5.31636
5.31578
5.31531
5.31481
5.31428
5.31385
5.31332
5.31284
5.31236
5.31192
5.31147
5.31101
5.31045
5.30998
5.30953
5.30911
5.30869
5.30815
5.30757
5.30711
5.30668
5.30622
5.30573
5.30524
5.30467
5.30418
5.30373
5.30328
5.30275
5.30226
5.30171
5.30125
5.30081
5.30037
5.29986
5.29941
5.29895
5.29857
5.29814
5.29777
5.29725
5.29679
5.29636
5.29594
5.29558
5.29521
5.29469
5.2942
5.29375
5.29333
5.29289
5.29248
5.29196
5.29141
5.29094
5.29057
5.29014
5.2897
5.28917
5.28869
5.28824
5.28778
5.28737
5.28692
5.28644
5.28599
5.28559
5.28519
5.28477
5.28432
5.28378
5.28331
5.28292
5.28251
5.2821
5.28168
5.28114
5.28069
5.28019
5.2798
5.27945
5.27899
5.27844
5.27794
5.27751
5.2771
5.2767
5.2762
5.27572
5.27523
5.27487
5.27441
5.27402
5.2735
5.273
5.27256
5.27217
5.27179
5.2714
5.27085
5.27036
5.26985
5.26949
5.26906
5.26872
5.26822
5.26774
5.26727
5.26686
5.26644
5.26608
5.26565
5.26521
5.26474
5.26429
5.26381
5.26342
5.26298
5.26251
5.26205
5.26164
5.26113
5.26069
5.26027
5.2598
5.25933
5.25893
5.2585
5.25817
5.25768
5.25719
5.25669
5.25624
5.25585
5.25545
5.255
5.25463
5.25416
5.25364
5.25317
5.2528
5.25237
5.25195
5.25154
5.25111
5.25067
5.25025
5.24972
5.24925
5.24888
5.24853
5.24807
5.24762
5.24718
5.24667
5.24622
5.24579
5.24543
5.24511
5.24464
5.24412
5.24368
5.24328
5.24285
5.24247
5.24205
5.24166
5.24124
5.24075
5.24037
5.23999
5.23954
5.23905
5.23859
5.23822
5.23788
5.23745
5.23702
5.23661
5.23608
5.23558
5.23517
5.2349
5.23451
5.23404
5.23357
5.23314
5.23264
5.23228
5.23191
5.23146
5.231
5.23059
5.2301
5.22968
5.22936
5.22892
5.22843
5.22801
5.22759
5.22717
5.22679
5.22644
5.22595
5.22546
5.22505
5.22459
5.22417
5.22378
5.22332
5.22283
5.22235
5.22185
5.22145
5.22098
5.22056
5.22012
5.21956
5.21904
5.21856
5.21809
5.21762
5.21715
5.2167
5.21629
5.2157
5.21521
5.21479
5.21432
5.21387
5.21337
5.21296
5.21243
5.21198
5.21153
5.2111
5.21056
5.21002
5.20958
5.20911
5.20865
5.20812
5.20761
5.20711
5.20665
5.20616
5.20558
5.20509
5.20463
5.20413
5.20366
5.20321
5.20272
5.20215
5.20166
5.20123
5.20068
5.20016
5.19964
5.19922
5.19874
5.19826
5.1978
5.19729
5.19671
5.19626
5.19578
5.19527
5.19472
5.19423
5.19379
5.1933
5.19281
5.19231
5.19177
5.19131
5.19083
5.19026
5.18974
5.18924
5.18874
5.18825
5.18778
5.18726
5.18672
5.18617
5.18558
5.18507
5.18456
5.18403
5.1835
5.18297
5.18251
5.18201
5.18149
5.18098
5.18045
5.17996
5.17943
5.17889
5.17839
5.17786
5.17732
5.17676
5.17623
5.17571
5.17518
5.17461
5.17413
5.17364
5.17314
5.17255
5.17205
5.17152
5.17103
5.17053
5.17004
5.16946
5.1689
5.16839
5.16786
5.16731
5.16674
5.16623
5.16568
5.1652
5.16471
5.16418
5.16366
5.16311
5.16258
5.16202
5.16156
5.16107
5.1605
5.15996
5.15944
5.15891
5.15835
5.15784
5.15734
5.15681
5.15625
5.15576
5.15523
5.15469
5.15425
5.1537
5.15317
5.1526
5.15207
5.15159
5.15103
5.15055
5.15003
5.14948
5.14893
5.14839
5.14781
5.14728
5.14671
5.14619
5.1455
5.14502
5.14448
5.14388
5.14331
5.14273
5.14212
5.14165
5.14106
5.14051
5.14003
5.13941
5.13876
5.13824
5.1376
5.13698
5.13647
5.13589
5.13539
5.13483
5.13427
5.1337
5.13317
5.13253
5.13194
5.13139
5.13092
5.13038
5.1298
5.12926
5.12869
5.12814
5.12759
5.12704
5.12647
5.12601
5.12549
5.12485
5.12429
5.12371
5.12319
5.12259
5.12203
5.1214
5.12093
5.12035
5.11969
5.1191
5.11852
5.11789
5.11734
5.11672
5.11618
5.11571
5.11513
5.11455
5.11401
5.11331
5.1127
5.11207
5.11142
5.11089
5.11039
5.10972
5.1092
5.10862
5.10795
5.1074
5.10675
5.10616
5.10568
5.10509
5.10473
5.10417
5.10359
5.10301
5.10244
5.10189
5.10129
5.10076
5.10017
5.09962
5.09921
5.09867
5.09799
5.09742
5.09682
5.09615
5.09562
5.09507
5.09458
5.09413
5.09349
5.09291
5.09231
5.0918
5.0913
5.09065
5.09008
5.08955
5.08896
5.08856
5.08804
5.08733
5.08671
5.08608
5.08551
5.08495
5.08433
5.08375
5.0833
5.08265
5.08199
5.08136
5.08086
5.08032
5.07979
5.07925
5.07868
5.07815
5.07763
5.07694
5.07644
5.07581
5.07517
5.07457
5.07399
5.07338
5.07284
5.0723
5.07156
5.0709
5.07033
5.06966
5.06907
5.06839
5.06784
5.0674
5.06682
5.06631
5.06577
5.06518
5.06447
5.06379
5.06318
5.06263
5.06216
5.0616
5.06094
5.0603
5.05968
5.05911
5.05848
5.05785
5.05722
5.05674
5.05618
5.05569
5.05509
5.05454
5.05394
5.05342
5.05285
5.05225
5.0517
5.05119
5.05053
5.04985
5.04928
5.04866
5.04797
5.04735
5.04673
5.04616
5.04564
5.04503
5.04447
5.04391
5.04328
5.04274
5.04213
5.0416
5.04124
5.04076
5.04012
5.03952
5.03899
5.03836
5.03776
5.03709
5.03639
5.0359
5.03544
5.03497
5.03442
5.0338
5.03313
5.03258
5.03198
5.03141
5.0309
5.03038
5.02998
5.02944
5.02886
5.02839
5.02782
5.02716
5.0265
5.02593
5.02531
5.02484
5.02443
5.02394
5.02324
5.02265
5.02201
5.02142
5.02086
5.02025
5.01967
5.01926
5.01875
5.01808
5.01752
5.01692
5.01636
5.01587
5.01521
5.01469
5.01414
5.01369
5.01302
5.01246
5.01177
5.01116
5.01051
5.00995
5.00936
5.00869
5.00824
5.00764
5.00711
5.00649
5.00594
5.00529
5.00466
5.00416
5.00357
5.00309
5.00265
5.00199
5.00139
5.00075
5.00004
4.99939
4.99877
4.99821
4.99766
4.99711
4.99647
4.99597
4.99523
4.99454
4.99397
4.99335
4.99281
4.9923
4.99174
4.99128
4.99086
4.99008
4.98935
4.9888
4.98821
4.9876
4.98699
4.98631
4.98596
4.98531
4.98453
4.98396
4.98325
4.98267
4.98211
4.98156
4.98103
4.98053
4.97994
4.97925
4.97867
4.97809
4.97757
4.977
4.97639
4.97589
4.97526
4.97474
4.97415
4.97346
4.97277
4.97219
4.97164
4.97107
4.97066
4.97001
4.96951
4.96893
4.96818
4.96758
4.96711
4.96655
4.96594
4.96542
4.96477
4.96422
4.96376
4.96305
4.96244
4.96191
4.96121
4.96059
4.9599
4.95931
4.95884
4.95834
4.95769
4.9571
4.95631
4.95566
4.95516
4.95461
4.95401
4.95346
4.95289
4.95239
4.95187
4.95114
4.95052
4.94983
4.94922
4.94858
4.94803
4.94746
4.947
4.94632
4.9456
4.94488
4.94416
4.94366
4.94302
4.94247
4.94193
4.94139
4.94078
4.9402
4.93953
4.93886
4.93834
4.93769
4.93707
4.93651
4.93594
4.93529
4.93463
4.93392
4.93332
4.93262
4.93194
4.93135
4.93075
4.93023
4.9296
4.92902
4.92837
4.92771
4.92713
4.92651
4.92586
4.92528
4.92472
4.92398
4.92347
4.92281
4.92207
4.92163
4.92095
4.92029
4.9197
4.91908
4.91845
4.91779
4.91711
4.91657
4.91592
4.91543
4.91484
4.91426
4.91367
4.91301
4.91228
4.91167
4.91096
4.91029
4.90969
4.90905
4.90851
4.908
4.90732
4.90671
4.90613
4.90558
4.90494
4.90429
4.9037
4.90298
4.90224
4.9016
4.90088
4.90023
4.89958
4.899
4.89829
4.89764
4.89702
4.89637
4.89578
4.89505
4.89453
4.89388
4.89317
4.89245
4.89165
4.89091
4.89023
4.88948
4.88881
4.88816
4.88746
4.88693
4.88638
4.88572
4.88485
4.88411
4.88328
4.88255
4.88187
4.88109
4.88029
4.87956
4.8789
4.87824
4.87754
4.87705
4.87638
4.87552
4.87485
4.87401
4.87325
4.87242
4.87166
4.87092
4.87029
4.86957
4.86892
4.86833
4.86768
4.86699
4.86626
4.86529
4.86457
4.86375
4.86301
4.86218
4.86142
4.86066
4.86001
4.85939
4.85874
4.85825
4.85738
4.85648
4.85553
4.85464
4.85374
4.85301
4.85232
4.85155
4.85092
4.8503
4.84952
4.8488
4.84797
4.84707
4.84632
4.84548
4.84466
4.84375
4.84314
4.84241
4.84174
4.84106
4.8404
4.83976
4.83912
4.8384
4.83761
4.8368
4.83596
4.83511
4.83443
4.83377
4.83315
4.83247
4.8317
4.8311
4.83042
4.82977
4.82912
4.82831
4.82766
4.82688
4.82605
4.82536
4.82466
4.8241
4.82329
4.82267
4.82192
4.82134
4.82066
4.81999
4.81922
4.8184
4.81763
4.81687
4.81614
4.81554
4.8148
4.8141
4.81327
4.81257
4.81187
4.81118
4.81054
4.80991
4.80911
4.80828
4.80751
4.80682
4.80604
4.80522
4.8044
4.80369
4.80306
4.8024
4.80171
4.80103
4.80026
4.79951
4.79876
4.79809
4.79737
4.79664
4.79584
4.79512
4.79426
4.79348
4.79263
4.7921
4.79146
4.79071
4.78991
4.78922
4.78843
4.78763
4.78683
4.78598
4.78522
4.78444
4.78368
4.783
4.78237
4.78172
4.78082
4.78005
4.7792
4.7785
4.7778
4.77695
4.77603
4.77513
4.77434
4.77352
4.77285
4.77233
4.77164
4.77092
4.77013
4.76931
4.76855
4.76767
4.76674
4.76606
4.76534
4.76459
4.76373
4.76304
4.76247
4.76173
4.76093
4.76014
4.75939
4.75861
4.75773
4.757
4.75611
4.75527
4.75445
4.75367
4.75315
4.75249
4.75176
4.75096
4.75012
4.74941
4.74855
4.74762
4.74688
4.74602
4.74517
4.74441
4.74368
4.74317
4.74234
4.74144
4.74069
4.74005
4.73945
4.73863
4.73766
4.73686
4.73617
4.73546
4.73482
4.73411
4.73346
4.73258
4.73163
4.73092
4.73007
4.72931
4.72859
4.72772
4.72704
4.72634
4.72541
4.72464
4.72403
4.7232
4.72249
4.72189
4.72112
4.72029
4.7195
4.71869
4.71793
4.71709
4.71624
4.71542
4.71478
4.71412
4.7132
4.71233
4.71156
4.71072
4.71001
4.70924
4.70834
4.70741
4.70657
4.70573
4.70511
4.70416
4.70341
4.70233
4.70168
4.70091
4.69996
4.69903
4.69819
4.69735
4.6965
4.69574
4.69491
4.69399
4.69313
4.69242
4.6915
4.6906
4.68979
4.68914
4.68828
4.68732
4.68653
4.68564
4.68484
4.68402
4.6832
4.68228
4.6814
4.68051
4.67973
4.67881
4.67806
4.6772
4.67645
4.67556
4.67467
4.67387
4.67311
4.6722
4.67139
4.67054
4.66959
4.66866
4.66784
4.66707
4.66623
4.66534
4.66438
4.66353
4.66263
4.66169
4.66094
4.6601
4.65938
4.65846
4.6576
4.65685
4.65584
4.65488
4.65411
4.65327
4.65227
4.6515
4.6506
4.64966
4.64889
4.64795
4.64714
4.64624
4.6455
4.64444
4.64354
4.64239
4.6416
4.64079
4.63985
4.63901
4.63808
4.63726
4.63623
4.63539
4.63448
4.63361
4.63269
4.63173
4.63081
4.62993
4.62898
4.62811
4.62737
4.62649
4.62549
4.62481
4.62391
4.62305
4.62205
4.62126
4.62045
4.61953
4.61869
4.61774
4.61679
4.616
4.61527
4.61454
4.61357
4.61278
4.61193
4.61095
4.61013
4.60927
4.60841
4.60761
4.60683
4.60589
4.60513
4.60431
4.60338
4.60265
4.60181
4.6008
4.59988
4.59901
4.59806
4.59711
4.59634
4.59552
4.59451
4.59366
4.59269
4.59176
4.5907
4.5899
4.58897
4.58795
4.58699
4.58604
4.58509
4.58419
4.58336
4.58253
4.58165
4.58073
4.57974
4.57872
4.57774
4.57694
4.57611
4.57511
4.57403
4.57316
4.57228
4.57133
4.57062
4.56968
4.56879
4.56785
4.56699
4.56603
4.56502
4.56422
4.56349
4.56256
4.56168
4.56073
4.55975
4.55876
4.55789
4.55699
4.55608
4.55515
4.55429
4.55329
4.55241
4.55163
4.55076
4.54979
4.54892
4.54798
4.54702
4.54618
4.5452
4.54433
4.54348
4.54239
4.54159
4.54078
4.53981
4.53889
4.53815
4.53727
4.53643
4.53538
4.53441
4.53342
4.53246
4.53177
4.53094
4.53002
4.52915
4.52829
4.52728
4.52637
4.52558
4.52459
4.52349
4.52257
4.5216
4.52056
4.51958
4.51893
4.51802
4.51709
4.51618
4.51523
4.51418
4.51302
4.51228
4.51127
4.51017
4.50921
4.50822
4.50725
4.50644
4.50564
4.50471
4.50343
4.50251
4.50159
4.50049
4.49981
4.49889
4.49796
4.49689
4.49589
4.49492
4.49383
4.49312
4.4921
4.49104
4.49001
4.48903
4.48817
4.48719
4.48633
4.48528
4.48423
4.48323
4.48221
4.48105
4.4803
4.47926
4.47827
4.4772
4.47624
4.4752
4.47413
4.47323
4.47221
4.47111
4.47006
4.46916
4.46811
4.46736
4.46637
4.46549
4.46455
4.46349
4.46244
4.46152
4.46076
4.45977
4.45866
4.45775
4.45674
4.45579
4.45464
4.4539
4.45298
4.45188
4.45073
4.44973
4.44849
4.44768
4.44671
4.4457
4.44467
4.44356
4.4427
4.44167
4.44087
4.43992
4.43894
4.43786
4.43676
4.43551
4.43468
4.43364
4.43262
4.43138
4.43031
4.42923
4.42827
4.42738
4.42617
4.42505
4.42391
4.42277
4.42171
4.42094
4.41973
4.4187
4.41762
4.41652
4.41547
4.4147
4.41368
4.41244
4.41146
4.41041
4.40912
4.40838
4.40731
4.4061
4.40495
4.40357
4.4026
4.40169
4.4006
4.39928
4.39818
4.39687
4.39578
4.39487
4.39363
4.39203
4.3907
4.38964
4.38856
4.3873
4.38605
4.38474
4.38359
4.38241
4.38139
4.38016
4.37893
4.3777
4.37643
4.37534
4.37426
4.37298
4.37186
4.37069
4.36954
4.3686
4.36735
4.36604
4.36488
4.36379
4.36248
4.3614
4.36021
4.35903
4.3579
4.35683
4.35554
4.35439
4.35314
4.35198
4.35078
4.34949
4.34842
4.34715
4.34605
4.3449
4.34368
4.34242
4.34135
4.34008
4.33888
4.33748
4.33616
4.33518
4.33398
4.33272
4.33148
4.33015
4.32892
4.32783
4.32662
4.3253
4.32392
4.32259
4.32141
4.31997
4.31862
4.31693
4.31558
4.31461
4.31339
4.31175
4.31038
4.30911
4.30822
4.30706
4.30581
4.30436
4.30294
4.30193
4.30059
4.29941
4.29815
4.29688
4.29545
4.29449
4.2932
4.29208
4.291
4.28983
4.28871
4.28757
4.28627
4.28514
4.28385
4.28243
4.28146
4.28021
4.27886
4.27761
4.27632
4.27518
4.27401
4.27264
4.27143
4.26999
4.26854
4.26744
4.26605
4.26471
4.26337
4.26189
4.26077
4.2594
4.25807
4.25673
4.25518
4.2539
4.25234
4.25097
4.24926
4.24814
4.24696
4.24551
4.24417
4.24269
4.24143
4.24026
4.23896
4.23763
4.23624
4.23489
4.23381
4.23231
4.23088
4.22956
4.22824
4.22722
4.22559
4.22398
4.22249
4.22111
4.22017
4.21872
4.2172
4.21583
4.21429
4.21323
4.21175
4.21026
4.20875
4.20739
4.20595
4.20444
4.20308
4.20154
4.20038
4.19908
4.19769
4.19657
4.19524
4.19384
4.19298
4.19176
4.19039
4.18887
4.18748
4.1865
4.18523
4.18392
4.18243
4.18092
4.17996
4.17889
4.1777
4.17621
4.17482
4.17366
4.17264
4.17145
4.17012
4.16874
4.16731
4.16618
4.16482
4.1633
4.16174
4.16015
4.15917
4.15763
4.15606
4.15439
4.15301
4.15208
4.15068
4.14915
4.14756
4.14614
4.14489
4.1434
4.14196
4.14037
4.1389
4.13775
4.13614
4.13478
4.13328
4.13193
4.1307
4.12914
4.12765
4.12599
4.12491
4.12359
4.12227
4.12081
4.11931
4.11804
4.11683
4.11541
4.11415
4.11248
4.11108
4.1098
4.10833
4.10672
4.10515
4.10401
4.10244
4.10083
4.09934
4.09762
4.09666
4.09521
4.0936
4.09207
4.09036
4.08926
4.08771
4.08627
4.08473
4.08327
4.08212
4.08052
4.07913
4.07758
4.07626
4.07489
4.07338
4.07194
4.07031
4.06918
4.06801
4.06643
4.06467
4.06312
4.06188
4.06052
4.05917
4.05761
4.05615
4.05474
4.05367
4.05236
4.05094
4.04919
4.04764
4.04652
4.0454
4.04395
4.04251
4.04101
4.03974
4.03832
4.03686
4.03527
4.03382
4.03232
4.03112
4.02992
4.02834
4.02683
4.02518
4.02345
4.02228
4.02076
4.0192
4.01774
4.01605
4.01442
4.01294
4.01117
4.0096
4.00854
4.00704
4.00534
4.00379
4.00206
4.00082
3.9989
3.99695
3.9952
3.99373
3.99225
3.99076
3.98904
3.9872
3.9861
3.98471
3.98313
3.98129
3.97964
3.97824
3.97661
3.97502
3.97317
3.97166
3.97031
3.96877
3.96721
3.96548
3.96392
3.96268
3.9613
3.95984
3.95839
3.95677
3.95527
3.95388
3.95237
3.95078
3.94892
3.94738
3.94604
3.94441
3.94262
3.94111
3.93982
3.93836
3.93672
3.93497
3.93352
3.93226
3.93099
3.92933
3.92766
3.9258
3.92438
3.92294
3.92122
3.91956
3.91769
3.9163
3.91484
3.91296
3.91108
3.90952
3.90799
3.90668
3.905
3.90329
3.90175
3.90045
3.89922
3.8978
3.89617
3.89438
3.8932
3.89189
3.89042
3.88847
3.88667
3.88529
3.88405
3.8826
3.88089
3.87929
3.87797
3.87676
3.87553
3.87398
3.87238
3.87103
3.86974
3.86829
3.86681
3.86537
3.86358
3.86244
3.86114
3.85954
3.85797
3.85626
3.85481
3.85353
3.85211
3.85072
3.84905
3.84743
3.84618
3.845
3.84358
3.84226
3.84085
3.83942
3.83826
3.83679
3.83526
3.8335
3.83192
3.83085
3.8293
3.82776
3.82621
3.82448
3.82325
3.82216
3.82069
3.81916
3.81773
3.81635
3.81506
3.81381
3.81241
3.81076
3.80941
3.80789
3.80663
3.80505
3.80342
3.80188
3.80033
3.79907
3.79785
3.79646
3.79478
3.79329
3.79195
3.79058
3.78923
3.78787
3.78618
3.78436
3.78334
3.78185
3.78064
3.77927
3.77761
3.77604
3.77469
3.77311
3.77156
3.7699
3.76824
3.76693
3.76527
3.76363
3.76215
3.76075
3.75943
3.75817
3.75686
3.75519
3.75345
3.75193
3.75075
3.74936
3.74775
3.74608
3.74431
3.74273
3.74118
3.73963
3.73786
3.736
3.73471
3.73312
3.73156
3.72975
3.72827
3.72669
3.72521
3.72371
3.7221
3.72065
3.71947
3.71792
3.71629
3.71479
3.71297
3.71143
3.71002
3.70845
3.7068
3.7053
3.70354
3.7021
3.70085
3.69945
3.6977
3.696
3.69463
3.69339
3.69184
3.69017
3.68888
3.68748
3.68623
3.68461
3.683
3.68126
3.6796
3.67811
3.67674
3.67499
3.67328
3.67178
3.67026
3.66878
3.66727
3.66585
3.66416
3.663
3.66158
3.66015
3.65856
3.65667
3.65492
3.65352
3.65166
3.65003
3.64825
3.6468
3.64545
3.64402
3.64258
3.64104
3.6393
3.63808
3.63658
3.63502
3.63349
3.63203
3.63072
3.62956
3.62817
3.62664
3.6249
3.6232
3.62164
3.62039
3.61887
3.61733
3.61563
3.61416
3.61263
3.61113
3.60961
3.60825
3.6065
3.60536
3.60377
3.60219
3.60059
3.59902
3.59781
3.59641
3.59469
3.59304
3.59146
3.58961
3.58828
3.5869
3.58535
3.5838
3.58213
3.58069
3.57913
3.57757
3.57585
3.57446
3.57295
3.57149
3.56991
3.56843
3.56704
3.56516
3.56354
3.56179
3.56009
3.55872
3.55678
3.55535
3.55355
3.55221
3.55063
3.54907
3.54755
3.54588
3.54407
3.54265
3.54107
3.53929
3.53794
3.53629
3.53468
3.53294
3.53125
3.52967
3.52791
3.52592
3.52386
3.52222
3.52047
3.51864
3.51708
3.5153
3.51392
3.51207
3.51021
3.50863
3.50712
3.50568
3.50406
3.50201
3.49987
3.49792
3.49635
3.49486
3.49313
3.49163
3.48991
3.48843
3.48682
3.48503
3.48341
3.48187
3.4802
3.47868
3.4772
3.47551
3.47375
3.472
3.47067
3.46891
3.46687
3.46494
3.46274
3.46122
3.45955
3.45775
3.456
3.45425
3.4525
3.45068
3.44902
3.44748
3.4458
3.44399
3.44211
3.44006
3.4382
3.43638
3.43458
3.4326
3.43053
3.42903
3.42715
3.42532
3.42352
3.42167
3.42007
3.41814
3.41661
3.41488
3.41314
3.4116
3.40985
3.40786
3.40616
3.40434
3.4029
3.4012
3.39927
3.39747
3.39562
3.39381
3.39182
3.38975
3.38821
3.38633
3.38464
3.38227
3.3805
3.37878
3.37718
3.3755
3.37338
3.37135
3.36951
3.36753
3.36572
3.36373
3.36192
3.36002
3.35816
3.35603
3.35385
3.35223
3.35052
3.34852
3.34648
3.34429
3.3424
3.34047
3.33879
3.33663
3.33505
3.33298
3.33122
3.3296
3.32781
3.32643
3.32478
3.32278
3.32078
3.31885
3.31716
3.31531
3.31346
3.31156
3.30935
3.30755
3.30554
3.30375
3.30188
3.29992
3.29815
3.29613
3.29394
3.29204
3.29043
3.28872
3.28659
3.28442
3.28248
3.28069
3.27879
3.27687
3.27496
3.27301
3.27115
3.26956
3.26769
3.26607
3.26444
3.26268
3.26096
3.25911
3.25701
3.25501
3.25349
3.25162
3.24996
3.24792
3.24604
3.24426
3.24243
3.24064
3.23893
3.23709
3.23495
3.23274
3.23077
3.22879
3.22725
3.22568
3.22361
3.22159
3.21953
3.21751
3.21549
3.21314
3.21109
3.20869
3.20668
3.20468
3.20276
3.20107
3.19915
3.1969
3.19454
3.19242
3.19044
3.18847
3.18645
3.18405
3.18242
3.18052
3.17853
3.17593
3.17352
3.17158
3.16961
3.16749
3.16543
3.16361
3.16166
3.15944
3.15718
3.15503
3.15322
3.15134
3.14914
3.14723
3.14525
3.14337
3.1415
3.1396
3.1378
3.13562
3.13339
3.13101
3.12916
3.12732
3.12545
3.12333
3.12115
3.11911
3.11741
3.11535
3.11295
3.11098
3.10891
3.10698
3.10522
3.1031
3.10142
3.0991
3.09694
3.09477
3.09278
3.09089
3.08907
3.08679
3.08477
3.08278
3.08078
3.07872
3.07685
3.07457
3.07236
3.06998
3.06789
3.06584
3.06374
3.06181
3.05932
3.05714
3.05485
3.05295
3.05083
3.04881
3.04664
3.0447
3.04262
3.04064
3.03843
3.03645
3.03403
3.03212
3.03004
3.02799
3.02613
3.02387
3.02132
3.0194
3.01738
3.01547
3.01356
3.01147
3.00934
3.00736
3.0054
3.00333
3.00111
2.99884
2.99653
2.99459
2.99266
2.99057
2.98846
2.98658
2.98417
2.98222
2.98016
2.97813
2.97611
2.97409
2.97189
2.9701
2.96814
2.9657
2.96353
2.96133
2.95937
2.95756
2.95533
2.95308
2.95112
2.94889
2.94682
2.94477
2.94269
2.94056
2.93835
2.93608
2.93367
2.93163
2.92982
2.92734
2.9251
2.92289
2.92061
2.91833
2.91624
2.91401
2.91201
2.90978
2.90724
2.90515
2.9027
2.90022
2.8978
2.89561
2.89314
2.89076
2.88819
2.8858
2.88349
2.88113
2.87872
2.87615
2.87374
2.87118
2.86896
2.86686
2.86452
2.86182
2.85937
2.85711
2.85487
2.85265
2.85019
2.8478
2.84529
2.84309
2.84028
2.83756
2.83505
2.83261
2.83016
2.82757
2.82468
2.82201
2.8202
2.81803
2.81557
2.81312
2.81037
2.80775
2.80573
2.80355
2.80108
2.79851
2.79572
2.79359
2.79097
2.78867
2.78599
2.78326
2.7812
2.77856
2.77593
2.77359
2.77106
2.76855
2.76586
2.76266
2.75984
2.75797
2.7557
2.75288
2.75029
2.74752
2.74488
2.74232
2.73982
2.73708
2.73444
2.73206
2.72905
2.72645
2.72432
2.722
2.71953
2.71676
2.71392
2.71136
2.70921
2.70692
2.70384
2.70067
2.69789
2.69532
2.69322
2.69078
2.68767
2.6848
2.6819
2.67929
2.677
2.67431
2.67135
2.66843
2.66533
2.66197
2.65948
2.65658
2.65377
2.65061
2.64714
2.64466
2.64222
2.63887
2.63554
2.6323
2.62896
2.62666
2.62333
2.62019
2.61703
2.6141
2.61142
2.60888
2.60533
2.60248
2.59922
2.59597
2.59399
2.59114
2.58801
2.58458
2.58163
2.57877
2.57617
2.57288
2.5697
2.56648
2.56331
2.56059
2.55773
2.55484
2.55157
2.54836
2.5456
2.54257
2.53925
2.53622
2.53311
2.53062
2.5277
2.5247
2.52168
2.51919
2.51583
2.51248
2.50929
2.50631
2.50327
2.50008
2.49636
2.49348
2.49051
2.48722
2.48407
2.4812
2.47838
2.47525
2.47163
2.46848
2.46522
2.46164
2.4583
2.45507
2.45229
2.44856
2.44531
2.44222
2.439
2.43585
2.43254
2.42905
2.42554
2.42213
2.4189
2.41538
2.41164
2.40824
2.40505
2.40123
2.39761
2.39371
2.38999
2.38617
2.38238
2.37871
2.3744
2.3706
2.36773
2.36377
2.36003
2.35636
2.35253
2.34893
2.34472
2.34103
2.33694
2.33258
2.32905
2.32528
2.32174
2.31753
2.31357
2.30997
2.30662
2.30295
2.29916
2.29448
2.28997
2.28583
2.2821
2.27756
2.27292
2.26893
2.26511
2.26107
2.2567
2.25218
2.24692
2.24251
2.23857
2.23394
2.22878
2.22348
2.22031
2.21608
2.21195
2.20761
2.20308
2.19834
2.19384
2.18846
2.18376
2.17909
2.17446
2.16972
2.1639
2.15877
2.15354
2.14791
2.1421
2.13694
2.13221
2.12704
2.1225
2.11678
2.11176
2.10716
2.10168
2.09721
2.09217
2.08737
2.08266
2.07768
2.07301
2.06842
2.06363
2.0585
2.05308
2.04694
2.04265
2.03759
2.03183
2.02684
2.02111
2.01601
2.01156
2.00633
2.00049
1.99468
1.98913
1.98421
1.97874
1.97283
1.96754
1.96189
1.95682
1.95017
1.94484
1.93911
1.93422
1.9287
1.92248
1.91688
1.91111
1.9054
1.90012
1.89454
1.88906
1.88312
1.87645
1.87042
1.86534
1.86023
1.85328
1.8477
1.84124
1.83589
1.82993
1.82404
1.81788
1.81232
1.80594
1.80007
1.79387
1.78804
1.78275
1.77522
1.76848
1.76179
1.75581
1.74755
1.74002
1.73306
1.72604
1.71826
1.71022
1.70193
1.69463
1.68766
1.68082
1.67385
1.66637
1.65912
1.6508
1.64191
1.63489
1.62725
1.6185
1.61115
1.60358
1.59502
1.58644
1.57805
1.57195
1.56335
1.55564
1.54827
1.53946
1.531
1.52116
1.51131
1.50242
1.49303
1.48467
1.47253
1.4651
1.45519
1.44535
1.4364
1.42765
1.41881
1.4108
1.40139
1.39191
1.38182
1.37037
1.36168
1.35384
1.34383
1.33133
1.31956
1.30946
1.30082
1.29169
1.28108
1.26864
1.25651
1.24735
1.23781
1.22541
1.21173
1.19924
1.18817
1.17568
1.16467
1.15374
1.14197
1.13139
1.11816
1.10648
1.09328
1.08479
1.06986
1.05656
1.04392
1.03354
1.02574
1.01493
1.00102
0.988
0.977974
0.968494
0.957653
0.941497
0.928039
0.917115
0.905485
0.893425
0.880466
0.867764
0.855375
0.842396
0.829135
0.816397
0.802006
0.788663
0.77436
0.759665
0.749579
0.736459
0.720684
0.708121
0.693723
0.679146
0.660368
0.648353
0.634676
0.619109
0.60429
0.593966
0.579021
0.564565
0.5475
0.533586
0.516563
0.500464
0.483522
0.467022
0.452551
0.437269
0.422464
0.404406
0.387857
0.373497
0.352792
0.336789
0.321256
0.309241
0.293548
0.274949
0.257939
0.236578
0.215631
0.193851
0.172548
0.156116
0.132076
0.108147
0.0799551
0.0479864
0.0208965