0.23
0.0
0.0
0.5
-1.0
0.447
0.421
0.501
0.254
0.355
0.393
0.334
0.355
0.314
0.364
0.235
0.29
0.345
0.513
0.149
0.196
9.833
13.807
0.443
0.211
15.893
15.1
0.282
14.632
11.154
15.702
11.784
14.744
12.912
10.805
13.283
9.031
7.443
0.171
10.949
0.293
0.065
0.328
0.288
0.113
0.321
0.056
12.911
18.581
11.151
13.875
15.809
0.214
4.541
0.286
0.19
0.217
11.989
13.233
0.013
11.628
8.253
0.057
0.25
17.289
17.718
0.147
9.565
14.164
13.426
16.783
17.879
11.866
12.349
8.726
0.395
10.939
15.432
13.19
15.317
16.016
15.533
15.442
14.745
16.226
11.352
18.409
12.683
16.724
13.756
13.689
17.101
15.007
0.387
15.614

